0 	 -0.0129386
0.02 	 -0.00934102
0.04 	 -0.010655
0.06 	 -0.00880586
0.08 	 -0.00687913
0.1 	 -0.00459023
0.12 	 0.000179383
0.14 	 -0.00322542
0.16 	 -0.00369926
0.18 	 -0.000739076
0.2 	 -0.00165229
0.22 	 0.00226831
0.24 	 0.00089494
0.26 	 0.00137105
0.28 	 0.0057433
0.3 	 0.00541757
0.32 	 0.00518973
0.34 	 0.0027322
0.36 	 -0.000375397
0.38 	 0.00120389
0.4 	 0.000293766
0.42 	 -0.00100977
0.44 	 -0.00232723
0.46 	 -0.000742573
0.48 	 0.00015955
0.5 	 -0.00164832
0.52 	 -0.00648169
0.54 	 -0.00574082
0.56 	 -0.000868014
0.58 	 0.00349587
0.6 	 0.000815342
0.62 	 -0.00414523
0.64 	 -0.00706255
0.66 	 -0.00209991
0.68 	 0.00334536
0.7 	 0.0046841
0.72 	 0.00231203
0.74 	 0.00117076
0.76 	 0.0028207
0.78 	 0.00649757
0.8 	 0.00830689
0.82 	 0.00842072
0.84 	 0.00697888
0.86 	 0.00528384
0.88 	 0.00378737
0.9 	 0.00513148
0.92 	 0.00855449
0.94 	 0.00656747
0.96 	 0.00238008
0.98 	 -0.000518889
1 	 -0.00150549
1.02 	 0.00197291
1.04 	 -0.000274091
1.06 	 -0.0045642
1.08 	 -0.00568349
1.1 	 -0.00680808
1.12 	 -0.00711699
1.14 	 -0.00845188
1.16 	 -0.00543154
1.18 	 -0.00114929
1.2 	 5.28001e-05
1.22 	 0.000781301
1.24 	 0.00120826
1.26 	 0.00568822
1.28 	 0.00933635
1.3 	 0.0099311
1.32 	 0.00900744
1.34 	 0.00629737
1.36 	 0.00261965
1.38 	 -0.000567025
1.4 	 0.00107208
1.42 	 0.00211384
1.44 	 -0.00182724
1.46 	 -0.00606645
1.48 	 -0.00661386
1.5 	 -0.00144966
1.52 	 0.00550097
1.54 	 0.00499853
1.56 	 0.00177302
1.58 	 0.000550123
1.6 	 0.0020697
1.62 	 0.00520112
1.64 	 0.00526914
1.66 	 0.00267258
1.68 	 -0.00032717
1.7 	 -0.00367116
1.72 	 -0.00136892
1.74 	 -1.11268e-05
1.76 	 0.000826775
1.78 	 0.00280612
1.8 	 0.00218144
1.82 	 -0.000291092
1.84 	 -0.00131021
1.86 	 -0.00318186
1.88 	 -0.00098838
1.9 	 -5.71393e-05
1.92 	 -0.00459103
1.94 	 -0.0103098
1.96 	 -0.0139529
1.98 	 -0.0128096
2 	 -0.00828078
2.02 	 -0.00741785
2.04 	 -0.0108143
2.06 	 -0.0151923
2.08 	 -0.0152918
2.1 	 -0.00980631
2.12 	 -0.00570158
2.14 	 -0.00312235
2.16 	 -0.00629288
2.18 	 -0.00982014
2.2 	 -0.00762514
2.22 	 -0.00501326
2.24 	 -0.00301176
2.26 	 -0.00240028
2.28 	 -0.00407296
2.3 	 -0.0023386
2.32 	 0.000413285
2.34 	 0.00287902
2.36 	 0.00456936
2.38 	 0.00795
2.4 	 0.00794682
2.42 	 0.00753313
2.44 	 0.00471958
2.46 	 0.00294011
2.48 	 0.00361595
2.5 	 0.00533662
2.52 	 0.00347767
2.54 	 -0.00202885
2.56 	 -0.0079688
2.58 	 -0.0107132
2.6 	 -0.00525189
2.62 	 0.00225553
2.64 	 0.00409002
2.66 	 -0.000152724
2.68 	 -0.00492614
2.7 	 -0.00745205
2.72 	 -0.00329065
2.74 	 -0.00161533
2.76 	 -0.00172052
2.78 	 -0.00520646
2.8 	 -0.0070593
2.82 	 -0.00568927
2.84 	 -0.00286917
2.86 	 -0.00300063
2.88 	 -0.0027966
2.9 	 0.000431518
2.92 	 0.0069306
2.94 	 0.00976644
2.96 	 0.00927135
2.98 	 0.00561549
3 	 0.00727032
3.02 	 0.0097224
3.04 	 0.0105459
3.06 	 0.00676731
3.08 	 0.00555371
3.1 	 0.0108942
3.12 	 0.0142839
3.14 	 0.00774151
3.16 	 0.00070805
3.18 	 -5.78484e-05
3.2 	 0.00608331
3.22 	 0.0128403
3.24 	 0.0108417
3.26 	 0.00563538
3.28 	 0.00646299
3.3 	 0.00797989
3.32 	 0.0103947
3.34 	 0.015293
3.36 	 0.0180524
3.38 	 0.0179826
3.4 	 0.0176001
3.42 	 0.013323
3.44 	 0.00898999
3.46 	 0.00805394
3.48 	 0.000896057
3.5 	 -0.00551344
3.52 	 -0.00965841
3.54 	 -0.0136794
3.56 	 -0.0164269
3.58 	 -0.0211568
3.6 	 -0.0249387
3.62 	 -0.0248022
3.64 	 -0.0213477
3.66 	 -0.0171978
3.68 	 -0.0127223
3.7 	 -0.0102244
3.72 	 -0.0120807
3.74 	 -0.0138796
3.76 	 -0.0143138
3.78 	 -0.0119926
3.8 	 -0.00622294
3.82 	 -0.007865
3.84 	 -0.0101035
3.86 	 -0.00629441
3.88 	 -0.00149472
3.9 	 0.00521959
3.92 	 0.00706763
3.94 	 0.00649104
3.96 	 0.00721027
3.98 	 0.0131585
4 	 0.0144803
4.02 	 0.0125548
4.04 	 0.00685393
4.06 	 -0.00184045
4.08 	 -0.00566598
4.1 	 -0.00503369
4.12 	 -0.00178049
4.14 	 0.001167
4.16 	 0.000582686
4.18 	 -0.00161576
4.2 	 -0.00581146
4.22 	 -0.00413597
4.24 	 0.00280564
4.26 	 0.00655284
4.28 	 0.00875601
4.3 	 0.00840936
4.32 	 0.00987845
4.34 	 0.00777198
4.36 	 0.0056996
4.38 	 0.00262334
4.4 	 0.00655203
4.42 	 0.0137602
4.44 	 0.0140597
4.46 	 0.00834087
4.48 	 -0.00290562
4.5 	 -0.00606009
4.52 	 -0.0021411
4.54 	 -0.000943196
4.56 	 0.00335361
4.58 	 0.00263813
4.6 	 0.00207864
4.62 	 0.0015665
4.64 	 0.00106398
4.66 	 0.000869359
4.68 	 -0.00371038
4.7 	 -0.00681705
4.72 	 -0.00755023
4.74 	 -0.00332719
4.76 	 0.0043652
4.78 	 0.00205451
4.8 	 -0.00256187
4.82 	 -0.00432059
4.84 	 -0.00508149
4.86 	 -0.00416881
4.88 	 -0.00172699
4.9 	 0.0028412
4.92 	 0.00603591
4.94 	 0.00254179
4.96 	 -0.00107466
4.98 	 -0.00241943
5 	 -0.00379143
5.02 	 -0.00798606
5.04 	 -0.0139021
5.06 	 -0.014989
5.08 	 -0.00956034
5.1 	 -0.00421544
5.12 	 -0.00794005
5.14 	 -0.0158381
5.16 	 -0.0200878
5.18 	 -0.0188896
5.2 	 -0.00928536
5.22 	 0.00139879
5.24 	 0.00673689
5.26 	 0.00980103
5.28 	 0.00865547
5.3 	 0.00884831
5.32 	 0.0126028
5.34 	 0.0141852
5.36 	 0.010844
5.38 	 0.00680949
5.4 	 0.0037498
5.42 	 0.00515622
5.44 	 0.00377478
5.46 	 -0.00270046
5.48 	 -0.010765
5.5 	 -0.0141822
5.52 	 -0.0100659
5.54 	 -0.00105917
5.56 	 0.00454318
5.58 	 0.00502694
5.6 	 -0.0025121
5.62 	 -0.0119589
5.64 	 -0.0156568
5.66 	 -0.0140487
5.68 	 -0.00710809
5.7 	 -0.00400052
5.72 	 -0.00502297
5.74 	 -0.00231289
5.76 	 0.00259874
5.78 	 0.014638
5.8 	 0.0238994
5.82 	 0.0252596
5.84 	 0.0265771
5.86 	 0.030339
5.88 	 0.036201
5.9 	 0.0376279
5.92 	 0.0308516
5.94 	 0.0170854
5.96 	 0.0101877
5.98 	 0.00624427
6 	 0.00386229
6.02 	 0.00177225
6.04 	 -0.00672534
6.06 	 -0.0127193
6.08 	 -0.0168753
6.1 	 -0.0186363
6.12 	 -0.0129904
6.14 	 -0.0131675
6.16 	 -0.0164315
6.18 	 -0.0197713
6.2 	 -0.0169664
6.22 	 -0.00676498
6.24 	 0.00120903
6.26 	 0.00563534
6.28 	 0.00970792
6.3 	 0.00970426
6.32 	 0.00842977
6.34 	 0.00445444
6.36 	 -0.00128421
6.38 	 -0.00629578
6.4 	 -0.0118461
6.42 	 -0.015265
6.44 	 -0.0156622
6.46 	 -0.011505
6.48 	 -0.00810111
6.5 	 -0.00454204
6.52 	 0.00115788
6.54 	 0.00484875
6.56 	 0.00726123
6.58 	 0.00487419
6.6 	 0.00152726
6.62 	 0.000977765
6.64 	 0.00108546
6.66 	 0.00286892
6.68 	 -0.00295436
6.7 	 -0.00716228
6.72 	 -0.00517978
6.74 	 0.00450027
6.76 	 0.0172596
6.78 	 0.0243749
6.8 	 0.0329655
6.82 	 0.035346
6.84 	 0.0354278
6.86 	 0.0294414
6.88 	 0.0123475
6.9 	 0.00270213
6.92 	 0.000431315
6.94 	 -0.00196919
6.96 	 -0.00371142
6.98 	 -0.0138347
7 	 -0.0239025
7.02 	 -0.0308334
7.04 	 -0.0353218
7.06 	 -0.037599
7.08 	 -0.0405594
7.1 	 -0.0379702
7.12 	 -0.0320241
7.14 	 -0.0310923
7.16 	 -0.0314811
7.18 	 -0.0361923
7.2 	 -0.0336921
7.22 	 -0.0253975
7.24 	 -0.0121421
7.26 	 0.00170914
7.28 	 0.0129598
7.3 	 0.0219194
7.32 	 0.0215569
7.34 	 0.0202883
7.36 	 0.0217349
7.38 	 0.0268456
7.4 	 0.0373344
7.42 	 0.0387782
7.44 	 0.037314
7.46 	 0.03902
7.48 	 0.0400139
7.5 	 0.0419902
7.52 	 0.04213
7.54 	 0.037694
7.56 	 0.0334689
7.58 	 0.0301253
7.6 	 0.0273992
7.62 	 0.0248009
7.64 	 0.0197578
7.66 	 0.00921547
7.68 	 -0.00485235
7.7 	 -0.0130686
7.72 	 -0.0139762
7.74 	 -0.00947436
7.76 	 -0.0063665
7.78 	 -0.0090382
7.8 	 -0.0135253
7.82 	 -0.0206689
7.84 	 -0.0277816
7.86 	 -0.0285664
7.88 	 -0.0288291
7.9 	 -0.0259566
7.92 	 -0.032118
7.94 	 -0.0473385
7.96 	 -0.0585588
7.98 	 -0.067098
8 	 -0.0650385
8.02 	 -0.0629636
8.04 	 -0.0588621
8.06 	 -0.0556653
8.08 	 -0.0579729
8.1 	 -0.0564754
8.12 	 -0.0546291
8.14 	 -0.0501513
8.16 	 -0.0385766
8.18 	 -0.0292863
8.2 	 -0.0179005
8.22 	 -0.00821808
8.24 	 -0.0101221
8.26 	 -0.0146874
8.28 	 -0.0167942
8.3 	 -0.00231259
8.32 	 0.0280638
8.34 	 0.0525443
8.36 	 0.069036
8.38 	 0.0785143
8.4 	 0.0909654
8.42 	 0.116454
8.44 	 0.1373
8.46 	 0.151957
8.48 	 0.15413
8.5 	 0.150289
8.52 	 0.136722
8.54 	 0.11319
8.56 	 0.0800587
8.58 	 0.0386277
8.6 	 0.00326836
8.62 	 -0.0185779
8.64 	 -0.0353646
8.66 	 -0.0490757
8.68 	 -0.0750325
8.7 	 -0.0986611
8.72 	 -0.114691
8.74 	 -0.113171
8.76 	 -0.101157
8.78 	 -0.0884542
8.8 	 -0.0774529
8.82 	 -0.0723407
8.84 	 -0.0689861
8.86 	 -0.0530759
8.88 	 -0.0269852
8.9 	 0.00739228
8.92 	 0.0364741
8.94 	 0.0506301
8.96 	 0.0591398
8.98 	 0.0684581
9 	 0.0888798
9.02 	 0.106365
9.04 	 0.106492
9.06 	 0.0884031
9.08 	 0.0596622
9.1 	 0.046907
9.12 	 0.0512671
9.14 	 0.0579882
9.16 	 0.05679
9.18 	 0.0383401
9.2 	 0.0151316
9.22 	 -0.00951949
9.24 	 -0.0165282
9.26 	 -0.00398351
9.28 	 0.0122832
9.3 	 0.0201312
9.32 	 0.0133159
9.34 	 0.0042911
9.36 	 -0.00170448
9.38 	 -0.00630063
9.4 	 -0.0115698
9.42 	 -0.0159509
9.44 	 -0.0201844
9.46 	 -0.030901
9.48 	 -0.0601381
9.5 	 -0.0930016
9.52 	 -0.121184
9.54 	 -0.146759
9.56 	 -0.168168
9.58 	 -0.193669
9.6 	 -0.225171
9.62 	 -0.24796
9.64 	 -0.267036
9.66 	 -0.269732
9.68 	 -0.265106
9.7 	 -0.26598
9.72 	 -0.26438
9.74 	 -0.259122
9.76 	 -0.222792
9.78 	 -0.173411
9.8 	 -0.124332
9.82 	 -0.0923553
9.84 	 -0.069581
9.86 	 -0.046931
9.88 	 0.000840357
9.9 	 0.0646119
9.92 	 0.139944
9.94 	 0.200896
9.96 	 0.246908
9.98 	 0.280987
10 	 0.322903
10.02 	 0.369208
10.04 	 0.408626
10.06 	 0.436064
10.08 	 0.438697
10.1 	 0.417539
10.12 	 0.379924
10.14 	 0.32637
10.16 	 0.284175
10.18 	 0.247752
10.2 	 0.212273
10.22 	 0.177403
10.24 	 0.130689
10.26 	 0.0968351
10.28 	 0.0753844
10.3 	 0.0682309
10.32 	 0.059491
10.34 	 0.0355057
10.36 	 0.00709839
10.38 	 -0.0206267
10.4 	 -0.0360897
10.42 	 -0.060804
10.44 	 -0.0979784
10.46 	 -0.135134
10.48 	 -0.170356
10.5 	 -0.17309
10.52 	 -0.169492
10.54 	 -0.155502
10.56 	 -0.135447
10.58 	 -0.117147
10.6 	 -0.099443
10.62 	 -0.0973992
10.64 	 -0.0975648
10.66 	 -0.0776344
10.68 	 -0.0426649
10.7 	 -0.00768943
10.72 	 -0.00692605
10.74 	 -0.0395117
10.76 	 -0.0826693
10.78 	 -0.113468
10.8 	 -0.117102
10.82 	 -0.122093
10.84 	 -0.12653
10.86 	 -0.146471
10.88 	 -0.166556
10.9 	 -0.181021
10.92 	 -0.182162
10.94 	 -0.155125
10.96 	 -0.100351
10.98 	 -0.0391278
11 	 0.0128311
11.02 	 0.037422
11.04 	 0.0573709
11.06 	 0.0807129
11.08 	 0.0875156
11.1 	 0.077854
11.12 	 0.0538455
11.14 	 0.0291803
11.16 	 0.00470947
11.18 	 -0.0201093
11.2 	 -0.0483901
11.22 	 -0.0596969
11.24 	 -0.0456616
11.26 	 -0.0323057
11.28 	 -0.0147705
11.3 	 0.00230833
11.32 	 0.0240428
11.34 	 0.049153
11.36 	 0.0758462
11.38 	 0.0889422
11.4 	 0.0971403
11.42 	 0.105989
11.44 	 0.104782
11.46 	 0.0918409
11.48 	 0.0738715
11.5 	 0.0524554
11.52 	 0.043434
11.54 	 0.0304064
11.56 	 -0.012961
11.58 	 -0.0813869
11.6 	 -0.150224
11.62 	 -0.18924
11.64 	 -0.192488
11.66 	 -0.181725
11.68 	 -0.168751
11.7 	 -0.155851
11.72 	 -0.125968
11.74 	 -0.0746874
11.76 	 -0.0242269
11.78 	 0.0272374
11.8 	 0.0641486
11.82 	 0.0917045
11.84 	 0.103926
11.86 	 0.0881308
11.88 	 0.0673717
11.9 	 0.0482832
11.92 	 0.0455379
11.94 	 0.0496572
11.96 	 0.0333572
11.98 	 0.00582031
12 	 -0.0153221
12.02 	 -0.0115563
12.04 	 0.0263317
12.06 	 0.0699066
12.08 	 0.0907232
12.1 	 0.0944465
12.12 	 0.0700412
12.14 	 0.0553157
12.16 	 0.0577169
12.18 	 0.0710363
12.2 	 0.0757997
12.22 	 0.0626478
12.24 	 0.0462117
12.26 	 0.0496176
12.28 	 0.0675464
12.3 	 0.0843671
12.32 	 0.0775448
12.34 	 0.0573456
12.36 	 0.0366839
12.38 	 0.0279281
12.4 	 0.0192818
12.42 	 -0.00440057
12.44 	 -0.0529522
12.46 	 -0.11223
12.48 	 -0.154184
12.5 	 -0.177726
12.52 	 -0.194156
12.54 	 -0.204606
12.56 	 -0.198203
12.58 	 -0.17083
12.6 	 -0.122546
12.62 	 -0.0665697
12.64 	 -0.0187931
12.66 	 0.0229893
12.68 	 0.0595429
12.7 	 0.0858752
12.72 	 0.113863
12.74 	 0.121197
12.76 	 0.119481
12.78 	 0.114608
12.8 	 0.106798
12.82 	 0.0927883
12.84 	 0.0785263
12.86 	 0.0586622
12.88 	 0.0409726
12.9 	 0.0141621
12.92 	 -0.0290411
12.94 	 -0.070593
12.96 	 -0.0931797
12.98 	 -0.108982
13 	 -0.120807
13.02 	 -0.136727
13.04 	 -0.134126
13.06 	 -0.103905
13.08 	 -0.0555749
13.1 	 0.0091045
13.12 	 0.0720517
13.14 	 0.13305
13.16 	 0.185275
13.18 	 0.203788
13.2 	 0.185343
13.22 	 0.147431
13.24 	 0.103089
13.26 	 0.0559284
13.28 	 0.00875062
13.3 	 -0.0332591
13.32 	 -0.060644
13.34 	 -0.0637613
13.36 	 -0.0625375
13.38 	 -0.0576257
13.4 	 -0.0454393
13.42 	 -0.0186197
13.44 	 0.0220153
13.46 	 0.0436592
13.48 	 0.027009
13.5 	 -0.0143087
13.52 	 -0.04962
13.54 	 -0.049292
13.56 	 -0.0418877
13.58 	 -0.041835
13.6 	 -0.0476036
13.62 	 -0.0373451
13.64 	 -0.00228814
13.66 	 0.0299809
13.68 	 0.051111
13.7 	 0.0513552
13.72 	 0.0479925
13.74 	 0.0477517
13.76 	 0.0351973
13.78 	 0.0199812
13.8 	 -0.0127785
13.82 	 -0.0381284
13.84 	 -0.0347867
13.86 	 -0.0252452
13.88 	 -0.0209234
13.9 	 -0.0407833
13.92 	 -0.0569976
13.94 	 -0.0578632
13.96 	 -0.043591
13.98 	 -0.0479032
14 	 -0.0854153
14.02 	 -0.134793
14.04 	 -0.161723
14.06 	 -0.152419
14.08 	 -0.111859
14.1 	 -0.0580518
14.12 	 -0.0138354
14.14 	 0.0293524
14.16 	 0.080371
14.18 	 0.120516
14.2 	 0.16664
14.22 	 0.182901
14.24 	 0.179013
14.26 	 0.164419
14.28 	 0.128607
14.3 	 0.106965
14.32 	 0.0833113
14.34 	 0.0563545
14.36 	 0.0393055
14.38 	 0.0286919
14.4 	 0.0350348
14.42 	 0.0440473
14.44 	 0.0415974
14.46 	 0.0152211
14.48 	 -0.0114167
14.5 	 -0.0279606
14.52 	 -0.0424536
14.54 	 -0.058481
14.56 	 -0.0729764
14.58 	 -0.0659435
14.6 	 -0.0304586
14.62 	 0.0261994
14.64 	 0.0909491
14.66 	 0.151981
14.68 	 0.190648
14.7 	 0.216562
14.72 	 0.217013
14.74 	 0.200901
14.76 	 0.165016
14.78 	 0.101124
14.8 	 0.020727
14.82 	 -0.0624062
14.84 	 -0.137429
14.86 	 -0.171101
14.88 	 -0.181637
14.9 	 -0.181833
14.92 	 -0.196998
14.94 	 -0.206064
14.96 	 -0.203837
14.98 	 -0.184859
15 	 -0.153988
15.02 	 -0.124879
15.04 	 -0.107168
15.06 	 -0.119692
15.08 	 -0.152871
15.1 	 -0.181288
15.12 	 -0.170091
15.14 	 -0.132903
15.16 	 -0.0946674
15.18 	 -0.0787092
15.2 	 -0.0797236
15.22 	 -0.0815151
15.24 	 -0.0741541
15.26 	 -0.060046
15.28 	 -0.0332309
15.3 	 -0.000443177
15.32 	 0.03877
15.34 	 0.0661425
15.36 	 0.0931256
15.38 	 0.122431
15.4 	 0.168747
15.42 	 0.214159
15.44 	 0.258363
15.46 	 0.283978
15.48 	 0.289577
15.5 	 0.277141
15.52 	 0.262679
15.54 	 0.253233
15.56 	 0.255263
15.58 	 0.250912
15.6 	 0.231466
15.62 	 0.198304
15.64 	 0.158383
15.66 	 0.122219
15.68 	 0.0861369
15.7 	 0.0409069
15.72 	 -0.0221955
15.74 	 -0.09839
15.76 	 -0.179748
15.78 	 -0.254761
15.8 	 -0.31867
15.82 	 -0.364238
15.84 	 -0.386989
15.86 	 -0.367846
15.88 	 -0.324071
15.9 	 -0.266001
15.92 	 -0.208416
15.94 	 -0.149173
15.96 	 -0.0778908
15.98 	 0.00639728
16 	 0.0763526
16.02 	 0.134708
16.04 	 0.16117
16.06 	 0.169805
16.08 	 0.167158
16.1 	 0.15817
16.12 	 0.141095
16.14 	 0.123137
16.16 	 0.0940484
16.18 	 0.063836
16.2 	 0.0282997
16.22 	 -0.00310217
16.24 	 -0.0281443
16.26 	 -0.0406092
16.28 	 -0.0441414
16.3 	 -0.049188
16.32 	 -0.0493103
16.34 	 -0.0497569
16.36 	 -0.0395471
16.38 	 -0.0143025
16.4 	 0.0127714
16.42 	 0.0422908
16.44 	 0.0531345
16.46 	 0.0538741
16.48 	 0.0431025
16.5 	 0.0233684
16.52 	 0.00232713
16.54 	 -0.0217747
16.56 	 -0.0413856
16.58 	 -0.0569395
16.6 	 -0.0755548
16.62 	 -0.0952066
16.64 	 -0.10769
16.66 	 -0.107991
16.68 	 -0.10435
16.7 	 -0.101206
16.72 	 -0.104376
16.74 	 -0.113105
16.76 	 -0.119392
16.78 	 -0.135167
16.8 	 -0.152302
16.82 	 -0.171975
16.84 	 -0.182368
16.86 	 -0.171835
16.88 	 -0.146671
16.9 	 -0.115886
16.92 	 -0.0753852
16.94 	 -0.0275285
16.96 	 0.0318087
16.98 	 0.0929358
17 	 0.13411
17.02 	 0.151012
17.04 	 0.151477
17.06 	 0.139844
17.08 	 0.129911
17.1 	 0.123287
17.12 	 0.111417
17.14 	 0.0879332
17.16 	 0.0597016
17.18 	 0.0344354
17.2 	 0.0259981
17.22 	 0.0367726
17.24 	 0.0512924
17.26 	 0.057937
17.28 	 0.0536406
17.3 	 0.0349462
17.32 	 0.0125675
17.34 	 -0.016092
17.36 	 -0.0389838
17.38 	 -0.0583641
17.4 	 -0.0751537
17.42 	 -0.0945261
17.44 	 -0.114776
17.46 	 -0.123074
17.48 	 -0.108273
17.5 	 -0.0882969
17.52 	 -0.0640301
17.54 	 -0.0294549
17.56 	 0.0118371
17.58 	 0.065087
17.6 	 0.120097
17.62 	 0.170023
17.64 	 0.220098
17.66 	 0.268683
17.68 	 0.302965
17.7 	 0.328606
17.72 	 0.338084
17.74 	 0.338641
17.76 	 0.333265
17.78 	 0.315208
17.8 	 0.284052
17.82 	 0.246445
17.84 	 0.210288
17.86 	 0.185772
17.88 	 0.163583
17.9 	 0.139306
17.92 	 0.105398
17.94 	 0.0678499
17.96 	 0.0288887
17.98 	 -0.00121192
18 	 -0.0340411
18.02 	 -0.0770372
18.04 	 -0.125738
18.06 	 -0.177352
18.08 	 -0.219028
18.1 	 -0.255046
18.12 	 -0.282315
18.14 	 -0.295386
18.16 	 -0.288259
18.18 	 -0.261542
18.2 	 -0.237572
18.22 	 -0.212117
18.24 	 -0.190398
18.26 	 -0.163117
18.28 	 -0.13593
18.3 	 -0.123439
18.32 	 -0.113638
18.34 	 -0.109984
18.36 	 -0.107287
18.38 	 -0.109869
18.4 	 -0.124482
18.42 	 -0.136222
18.44 	 -0.142378
18.46 	 -0.137861
18.48 	 -0.126089
18.5 	 -0.118611
18.52 	 -0.112574
18.54 	 -0.107004
18.56 	 -0.0879716
18.58 	 -0.0591178
18.6 	 -0.0386161
18.62 	 -0.0198704
18.64 	 -0.0021681
18.66 	 0.0271324
18.68 	 0.0589662
18.7 	 0.0756879
18.72 	 0.0810981
18.74 	 0.076099
18.76 	 0.0745875
18.78 	 0.0781617
18.8 	 0.0832317
18.82 	 0.0924457
18.84 	 0.10413
18.86 	 0.122234
18.88 	 0.141479
18.9 	 0.158266
18.92 	 0.173639
18.94 	 0.187287
18.96 	 0.199482
18.98 	 0.202053
19 	 0.185099
19.02 	 0.155354
19.04 	 0.121087
19.06 	 0.0952191
19.08 	 0.0774056
19.1 	 0.0670248
19.12 	 0.0610868
19.14 	 0.0579069
19.16 	 0.0560489
19.18 	 0.049603
19.2 	 0.0316821
19.22 	 0.0116224
19.24 	 -0.0112747
19.26 	 -0.0286389
19.28 	 -0.0507016
19.3 	 -0.0839867
19.32 	 -0.129642
19.34 	 -0.185968
19.36 	 -0.23904
19.38 	 -0.286202
19.4 	 -0.314131
19.42 	 -0.322995
19.44 	 -0.308894
19.46 	 -0.277363
19.48 	 -0.242282
19.5 	 -0.212774
19.52 	 -0.178271
19.54 	 -0.136858
19.56 	 -0.084731
19.58 	 -0.0280627
19.6 	 0.0233164
19.62 	 0.0622725
19.64 	 0.091584
19.66 	 0.100259
19.68 	 0.10247
19.7 	 0.102853
19.72 	 0.113058
19.74 	 0.129948
19.76 	 0.143754
19.78 	 0.150144
19.8 	 0.155481
19.82 	 0.169655
19.84 	 0.185768
19.86 	 0.201268
19.88 	 0.211442
19.9 	 0.217985
19.92 	 0.210193
19.94 	 0.192531
19.96 	 0.167721
19.98 	 0.144458
20 	 0.121571
20.02 	 0.0914676
20.04 	 0.0555353
20.06 	 0.0208761
20.08 	 -0.0134918
20.1 	 -0.0462424
20.12 	 -0.0758698
20.14 	 -0.087454
20.16 	 -0.0971516
20.18 	 -0.10096
20.2 	 -0.106289
20.22 	 -0.12177
20.24 	 -0.128549
20.26 	 -0.134916
20.28 	 -0.140156
20.3 	 -0.147466
20.32 	 -0.158355
20.34 	 -0.172768
20.36 	 -0.179199
20.38 	 -0.181515
20.4 	 -0.184932
20.42 	 -0.183196
20.44 	 -0.169879
20.46 	 -0.151288
20.48 	 -0.115223
20.5 	 -0.0814845
20.52 	 -0.0331645
20.54 	 0.0296159
20.56 	 0.089194
20.58 	 0.147165
20.6 	 0.188006
20.62 	 0.216562
20.64 	 0.249485
20.66 	 0.274253
20.68 	 0.286955
20.7 	 0.283805
20.72 	 0.26161
20.74 	 0.231585
20.76 	 0.191219
20.78 	 0.140016
20.8 	 0.0772054
20.82 	 0.0177638
20.84 	 -0.0371062
20.86 	 -0.0829014
20.88 	 -0.126955
20.9 	 -0.171354
20.92 	 -0.208759
20.94 	 -0.234796
20.96 	 -0.246575
20.98 	 -0.25122
21 	 -0.251356
21.02 	 -0.242665
21.04 	 -0.22854
21.06 	 -0.209012
21.08 	 -0.178532
21.1 	 -0.150893
21.12 	 -0.111569
21.14 	 -0.0740703
21.16 	 -0.0413973
21.18 	 -0.0135796
21.2 	 0.013031
21.22 	 0.0321421
21.24 	 0.0516401
21.26 	 0.0681162
21.28 	 0.0734478
21.3 	 0.0635313
21.32 	 0.0548215
21.34 	 0.0466734
21.36 	 0.0535864
21.38 	 0.0738843
21.4 	 0.0989861
21.42 	 0.123978
21.44 	 0.150321
21.46 	 0.170328
21.48 	 0.182881
21.5 	 0.199937
21.52 	 0.20396
21.54 	 0.208394
21.56 	 0.209525
21.58 	 0.199168
21.6 	 0.177346
21.62 	 0.152587
21.64 	 0.123259
21.66 	 0.097075
21.68 	 0.0729441
21.7 	 0.0506635
21.72 	 0.0262117
21.74 	 0.00892604
21.76 	 -0.0135749
21.78 	 -0.0385396
21.8 	 -0.0665705
21.82 	 -0.0983088
21.84 	 -0.127012
21.86 	 -0.151576
21.88 	 -0.174109
21.9 	 -0.196814
21.92 	 -0.218096
21.94 	 -0.239961
21.96 	 -0.258848
21.98 	 -0.271245
22 	 -0.271642
22.02 	 -0.251681
22.04 	 -0.22284
22.06 	 -0.188017
22.08 	 -0.142994
22.1 	 -0.104461
22.12 	 -0.0572
22.14 	 -0.00670384
22.16 	 0.0531012
22.18 	 0.107495
22.2 	 0.155892
22.22 	 0.183205
22.24 	 0.192088
22.26 	 0.19669
22.28 	 0.19385
22.3 	 0.186752
22.32 	 0.177796
22.34 	 0.157771
22.36 	 0.133411
22.38 	 0.120645
22.4 	 0.119626
22.42 	 0.122744
22.44 	 0.135612
22.46 	 0.144734
22.48 	 0.155351
22.5 	 0.185699
22.52 	 0.200591
22.54 	 0.220319
22.56 	 0.220695
22.58 	 0.196894
22.6 	 0.171062
22.62 	 0.149565
22.64 	 0.122911
22.66 	 0.0974549
22.68 	 0.0514338
22.7 	 4.80064e-06
22.72 	 -0.0473177
22.74 	 -0.103225
22.76 	 -0.153316
22.78 	 -0.191468
22.8 	 -0.231769
22.82 	 -0.270016
22.84 	 -0.311152
22.86 	 -0.33949
22.88 	 -0.345505
22.9 	 -0.344635
22.92 	 -0.322813
22.94 	 -0.288969
22.96 	 -0.238135
22.98 	 -0.185793
23 	 -0.129673
23.02 	 -0.0819674
23.04 	 -0.0193462
23.06 	 0.0331976
23.08 	 0.0831398
23.1 	 0.124363
23.12 	 0.147604
23.14 	 0.17328
23.16 	 0.190629
23.18 	 0.212853
23.2 	 0.235066
23.22 	 0.240482
23.24 	 0.250364
23.26 	 0.248657
23.28 	 0.250271
23.3 	 0.268023
23.32 	 0.266831
23.34 	 0.273404
23.36 	 0.265263
23.38 	 0.25608
23.4 	 0.2487
23.42 	 0.239204
23.44 	 0.212989
23.46 	 0.181006
23.48 	 0.136708
23.5 	 0.0922083
23.52 	 0.0417149
23.54 	 -0.0160229
23.56 	 -0.0892972
23.58 	 -0.159683
23.6 	 -0.230439
23.62 	 -0.283662
23.64 	 -0.327695
23.66 	 -0.358687
23.68 	 -0.378607
23.7 	 -0.390584
23.72 	 -0.394569
23.74 	 -0.38828
23.76 	 -0.375362
23.78 	 -0.356667
23.8 	 -0.336711
23.82 	 -0.317191
23.84 	 -0.298196
23.86 	 -0.27632
23.88 	 -0.25428
23.9 	 -0.224577
23.92 	 -0.193373
23.94 	 -0.163288
23.96 	 -0.133843
23.98 	 -0.101273
24 	 -0.058485
24.02 	 -0.0189767
24.04 	 0.0179124
24.06 	 0.0458698
24.08 	 0.0642295
24.1 	 0.0716341
24.12 	 0.0688815
24.14 	 0.0645041
24.16 	 0.0593965
24.18 	 0.0552255
24.2 	 0.0421848
24.22 	 0.0204465
24.24 	 0.0136157
24.26 	 0.0138965
24.28 	 0.0174923
24.3 	 0.0296752
24.32 	 0.0323927
24.34 	 0.0386504
24.36 	 0.0529128
24.38 	 0.0639292
24.4 	 0.0871254
24.42 	 0.10048
24.44 	 0.11029
24.46 	 0.122612
24.48 	 0.136092
24.5 	 0.164846
24.52 	 0.189159
24.54 	 0.220034
24.56 	 0.247836
24.58 	 0.256355
24.6 	 0.265356
24.62 	 0.263792
24.64 	 0.257968
24.66 	 0.248009
24.68 	 0.220874
24.7 	 0.188893
24.72 	 0.155262
24.74 	 0.12386
24.76 	 0.0937565
24.78 	 0.0741786
24.8 	 0.051501
24.82 	 0.0315079
24.84 	 0.0183747
24.86 	 0.0139948
24.88 	 0.0136809
24.9 	 0.0210065
24.92 	 0.0126905
24.94 	 0.000820667
24.96 	 -0.0097246
24.98 	 -0.0218525
25 	 -0.0317485
25.02 	 -0.0387723
25.04 	 -0.0506547
25.06 	 -0.0569931
25.08 	 -0.064582
25.1 	 -0.0773187
25.12 	 -0.0892552
25.14 	 -0.097699
25.16 	 -0.0997205
25.18 	 -0.0928508
25.2 	 -0.0817882
25.22 	 -0.0757223
25.24 	 -0.0741031
25.26 	 -0.0775024
25.28 	 -0.0801793
25.3 	 -0.0805707
25.32 	 -0.0823267
25.34 	 -0.083239
25.36 	 -0.0846912
25.38 	 -0.0895102
25.4 	 -0.0957122
25.42 	 -0.10224
25.44 	 -0.101774
25.46 	 -0.0927125
25.48 	 -0.0794213
25.5 	 -0.0672628
25.52 	 -0.0533852
25.54 	 -0.0377956
25.56 	 -0.0227962
25.58 	 -0.0177945
25.6 	 -0.0187316
25.62 	 -0.0305165
25.64 	 -0.0333708
25.66 	 -0.0416187
25.68 	 -0.050238
25.7 	 -0.0666041
25.72 	 -0.0853075
25.74 	 -0.0978883
25.76 	 -0.102448
25.78 	 -0.0991876
25.8 	 -0.0820125
25.82 	 -0.0642167
25.84 	 -0.0364668
25.86 	 -0.00864381
25.88 	 0.0227457
25.9 	 0.0508699
25.92 	 0.0717886
25.94 	 0.0882649
25.96 	 0.106752
25.98 	 0.124031
26 	 0.132868
26.02 	 0.132152
26.04 	 0.125562
26.06 	 0.121142
26.08 	 0.117624
26.1 	 0.11187
26.12 	 0.105854
26.14 	 0.0989293
26.16 	 0.0848232
26.18 	 0.0663158
26.2 	 0.0422673
26.22 	 0.0176835
26.24 	 -0.00587749
26.26 	 -0.0306311
26.28 	 -0.0599253
26.3 	 -0.08952
26.32 	 -0.117397
26.34 	 -0.138476
26.36 	 -0.152436
26.38 	 -0.160721
26.4 	 -0.166725
26.42 	 -0.169275
26.44 	 -0.163214
26.46 	 -0.147306
26.48 	 -0.125078
26.5 	 -0.100197
26.52 	 -0.0802408
26.54 	 -0.0594484
26.56 	 -0.037126
26.58 	 -0.0155305
26.6 	 0.00498679
26.62 	 0.0178235
26.64 	 0.0254629
26.66 	 0.0315708
26.68 	 0.0338909
26.7 	 0.0399197
26.72 	 0.0468998
26.74 	 0.0549895
26.76 	 0.0670735
26.78 	 0.0779612
26.8 	 0.091447
26.82 	 0.109372
26.84 	 0.125568
26.86 	 0.146095
26.88 	 0.158343
26.9 	 0.161576
26.92 	 0.157983
26.94 	 0.14822
26.96 	 0.136654
26.98 	 0.121221
27 	 0.0957561
27.02 	 0.0703372
27.04 	 0.044741
27.06 	 0.0232356
27.08 	 0.00815369
27.1 	 -0.0013176
27.12 	 -0.00291462
27.14 	 -0.000123966
27.16 	 0.00199338
27.18 	 0.00416382
27.2 	 0.000808614
27.22 	 -0.00207973
27.24 	 -0.00167323
27.26 	 -0.00107152
27.28 	 -0.0022718
27.3 	 -0.00765158
27.32 	 -0.0163913
27.34 	 -0.0209506
27.36 	 -0.0239674
27.38 	 -0.0225596
27.4 	 -0.0114997
27.42 	 0.00513455
27.44 	 0.0196181
27.46 	 0.0327845
27.48 	 0.0394575
27.5 	 0.0437619
27.52 	 0.0441966
27.54 	 0.0445874
27.56 	 0.045137
27.58 	 0.0431797
27.6 	 0.0325174
27.62 	 0.0164642
27.64 	 -0.00196329
27.66 	 -0.0190422
27.68 	 -0.0303561
27.7 	 -0.0358961
27.72 	 -0.0390497
27.74 	 -0.0435101
27.76 	 -0.0521908
27.78 	 -0.0533053
27.8 	 -0.0476469
27.82 	 -0.0359832
27.84 	 -0.0284246
27.86 	 -0.0226387
27.88 	 -0.0199888
27.9 	 -0.0237652
27.92 	 -0.0270577
27.94 	 -0.0335498
27.96 	 -0.0429953
27.98 	 -0.0471622
28 	 -0.0548948
28.02 	 -0.0589571
28.04 	 -0.0642036
28.06 	 -0.0755036
28.08 	 -0.0813221
28.1 	 -0.0880176
28.12 	 -0.0836969
28.14 	 -0.0755848
28.16 	 -0.0660162
28.18 	 -0.0528841
28.2 	 -0.0459288
28.22 	 -0.0347311
28.24 	 -0.0223736
28.26 	 -0.00966135
28.28 	 0.00675741
28.3 	 0.0169046
28.32 	 0.0297699
28.34 	 0.0366797
28.36 	 0.0379701
28.38 	 0.0429899
28.4 	 0.0455911
28.42 	 0.048301
28.44 	 0.0536466
28.46 	 0.0564127
28.48 	 0.0643321
28.5 	 0.0742514
28.52 	 0.082523
28.54 	 0.0939273
28.56 	 0.103217
28.58 	 0.110219
28.6 	 0.11291
28.62 	 0.109504
28.64 	 0.103592
28.66 	 0.0994158
28.68 	 0.0922833
28.7 	 0.0896739
28.72 	 0.0812707
28.74 	 0.0757525
28.76 	 0.0689863
28.78 	 0.0624233
28.8 	 0.0535534
28.82 	 0.0470686
28.84 	 0.0361886
28.86 	 0.0309135
28.88 	 0.023923
28.9 	 0.0119728
28.92 	 -0.00298194
28.94 	 -0.020111
28.96 	 -0.038308
28.98 	 -0.0472446
29 	 -0.0616989
29.02 	 -0.0755144
29.04 	 -0.0917804
29.06 	 -0.105087
29.08 	 -0.115064
29.1 	 -0.124657
29.12 	 -0.134285
29.14 	 -0.142705
29.16 	 -0.144483
29.18 	 -0.145333
29.2 	 -0.14471
29.22 	 -0.149222
29.24 	 -0.151346
29.26 	 -0.149462
29.28 	 -0.142082
29.3 	 -0.133506
29.32 	 -0.127494
29.34 	 -0.127418
29.36 	 -0.12191
29.38 	 -0.118503
29.4 	 -0.106946
29.42 	 -0.0952406
29.44 	 -0.0765333
29.46 	 -0.062891
29.48 	 -0.0497328
29.5 	 -0.0433699
29.52 	 -0.0299736
29.54 	 -0.015547
29.56 	 -0.000533279
29.58 	 0.00858769
29.6 	 0.0132686
29.62 	 0.0130491
29.64 	 0.0150971
29.66 	 0.0212806
29.68 	 0.0333931
29.7 	 0.0432597
29.72 	 0.0560157
29.74 	 0.0632125
29.76 	 0.0756634
29.78 	 0.0899685
29.8 	 0.106267
29.82 	 0.121565
29.84 	 0.138399
29.86 	 0.151984
29.88 	 0.166686
29.9 	 0.178935
29.92 	 0.190168
29.94 	 0.195191
29.96 	 0.201211
29.98 	 0.215362
30 	 0.224819
30.02 	 0.230258
30.04 	 0.225555
30.06 	 0.214545
30.08 	 0.211565
30.1 	 0.208971
30.12 	 0.199113
30.14 	 0.183161
30.16 	 0.160274
30.18 	 0.147537
30.2 	 0.129779
30.22 	 0.112224
30.24 	 0.0845043
30.26 	 0.060067
30.28 	 0.0307177
30.3 	 0.00288431
30.32 	 -0.0351859
30.34 	 -0.0703285
30.36 	 -0.110483
30.38 	 -0.152922
30.4 	 -0.190211
30.42 	 -0.225505
30.44 	 -0.251048
30.46 	 -0.269908
30.48 	 -0.290818
30.5 	 -0.303812
30.52 	 -0.315795
30.54 	 -0.324205
30.56 	 -0.327739
30.58 	 -0.326992
30.6 	 -0.327902
30.62 	 -0.331084
30.64 	 -0.332819
30.66 	 -0.340385
30.68 	 -0.331039
30.7 	 -0.322416
30.72 	 -0.301517
30.74 	 -0.278849
30.76 	 -0.244807
30.78 	 -0.204063
30.8 	 -0.157155
30.82 	 -0.109009
30.84 	 -0.0579661
30.86 	 -0.00762804
30.88 	 0.0488971
30.9 	 0.0996484
30.92 	 0.153447
30.94 	 0.189886
30.96 	 0.223362
30.98 	 0.238685
31 	 0.252901
31.02 	 0.262888
31.04 	 0.268815
31.06 	 0.270542
31.08 	 0.268672
31.1 	 0.264227
31.12 	 0.258441
31.14 	 0.247076
31.16 	 0.239854
31.18 	 0.229553
31.2 	 0.226437
31.22 	 0.217899
31.24 	 0.206415
31.26 	 0.196824
31.28 	 0.184526
31.3 	 0.17582
31.32 	 0.166783
31.34 	 0.15879
31.36 	 0.150971
31.38 	 0.149893
31.4 	 0.147046
31.42 	 0.145821
31.44 	 0.144593
31.46 	 0.149543
31.48 	 0.14957
31.5 	 0.146409
31.52 	 0.134095
31.54 	 0.121813
31.56 	 0.109899
31.58 	 0.0976481
31.6 	 0.0735294
31.62 	 0.0534835
31.64 	 0.0335252
31.66 	 0.0125375
31.68 	 -0.0121267
31.7 	 -0.0347316
31.72 	 -0.0665062
31.74 	 -0.0849967
31.76 	 -0.109674
31.78 	 -0.132679
31.8 	 -0.152401
31.82 	 -0.174779
31.84 	 -0.195695
31.86 	 -0.210999
31.88 	 -0.230383
31.9 	 -0.244613
31.92 	 -0.254474
31.94 	 -0.260694
31.96 	 -0.262969
31.98 	 -0.264918
32 	 -0.265917
32.02 	 -0.261755
32.04 	 -0.259381
32.06 	 -0.259395
32.08 	 -0.253147
32.1 	 -0.249304
32.12 	 -0.243461
32.14 	 -0.238336
32.16 	 -0.236446
32.18 	 -0.230628
32.2 	 -0.217334
32.22 	 -0.207188
32.24 	 -0.192927
32.26 	 -0.188586
32.28 	 -0.173678
32.3 	 -0.156336
32.32 	 -0.135516
32.34 	 -0.115927
32.36 	 -0.0989336
32.38 	 -0.078328
32.4 	 -0.0547278
32.42 	 -0.0355975
32.44 	 -0.0149078
32.46 	 0.00373811
32.48 	 0.0232825
32.5 	 0.0435696
32.52 	 0.0579518
32.54 	 0.0682099
32.56 	 0.0836053
32.58 	 0.0864906
32.6 	 0.0991693
32.62 	 0.108097
32.64 	 0.124548
32.66 	 0.133292
32.68 	 0.143519
32.7 	 0.152015
32.72 	 0.167836
32.74 	 0.188796
32.76 	 0.21016
32.78 	 0.226763
32.8 	 0.24716
32.82 	 0.260178
32.84 	 0.276642
32.86 	 0.29434
32.88 	 0.307565
32.9 	 0.321894
32.92 	 0.327428
32.94 	 0.335167
32.96 	 0.340594
32.98 	 0.345972
33 	 0.339721
33.02 	 0.33178
33.04 	 0.313979
33.06 	 0.301964
33.08 	 0.277763
33.1 	 0.250833
33.12 	 0.201395
33.14 	 0.15838
33.16 	 0.102432
33.18 	 0.0537974
33.2 	 -0.00273831
33.22 	 -0.0532223
33.24 	 -0.106474
33.26 	 -0.151652
33.28 	 -0.191923
33.3 	 -0.224407
33.32 	 -0.249322
33.34 	 -0.264329
33.36 	 -0.282926
33.38 	 -0.283366
33.4 	 -0.282261
33.42 	 -0.277023
33.44 	 -0.263962
33.46 	 -0.251838
33.48 	 -0.234131
33.5 	 -0.211904
33.52 	 -0.183982
33.54 	 -0.156609
33.56 	 -0.121365
33.58 	 -0.0920982
33.6 	 -0.0637902
33.62 	 -0.0352129
33.64 	 -0.010887
33.66 	 0.00321505
33.68 	 0.0180804
33.7 	 0.0223441
33.72 	 0.0294467
33.74 	 0.0373183
33.76 	 0.0355762
33.78 	 0.0260954
33.8 	 0.0261567
33.82 	 0.029985
33.84 	 0.037594
33.86 	 0.0453091
33.88 	 0.0489373
33.9 	 0.0588907
33.92 	 0.0804786
33.94 	 0.0960456
33.96 	 0.109411
33.98 	 0.119201
34 	 0.126065
34.02 	 0.133648
34.04 	 0.139408
34.06 	 0.146145
34.08 	 0.144801
34.1 	 0.142777
34.12 	 0.135654
34.14 	 0.121086
34.16 	 0.109741
34.18 	 0.0880607
34.2 	 0.0688648
34.22 	 0.0543834
34.24 	 0.0307139
34.26 	 0.00673737
34.28 	 -0.0237786
34.3 	 -0.0523143
34.32 	 -0.072542
34.34 	 -0.0889715
34.36 	 -0.105117
34.38 	 -0.118462
34.4 	 -0.133865
34.42 	 -0.148061
34.44 	 -0.160215
34.46 	 -0.166682
34.48 	 -0.169547
34.5 	 -0.162643
34.52 	 -0.154663
34.54 	 -0.152364
34.56 	 -0.144451
34.58 	 -0.1329
34.6 	 -0.11447
34.62 	 -0.0847385
34.64 	 -0.0677054
34.66 	 -0.0531719
34.68 	 -0.0429061
34.7 	 -0.0363744
34.72 	 -0.0257994
34.74 	 -0.0211115
34.76 	 -0.0178713
34.78 	 -0.0262482
34.8 	 -0.037269
34.82 	 -0.0421768
34.84 	 -0.0508942
34.86 	 -0.0514324
34.88 	 -0.0521235
34.9 	 -0.0563745
34.92 	 -0.0549564
34.94 	 -0.0569486
34.96 	 -0.0549756
34.98 	 -0.0477066
35 	 -0.0390292
35.02 	 -0.0338204
35.04 	 -0.0315419
35.06 	 -0.0248191
35.08 	 -0.0204209
35.1 	 -0.018294
35.12 	 -0.0159884
35.14 	 -0.0166135
35.16 	 -0.0134597
35.18 	 -0.0126731
35.2 	 -0.0162606
35.22 	 -0.0169994
35.24 	 -0.0192268
35.26 	 -0.0147858
35.28 	 -0.0157786
35.3 	 -0.0194276
35.32 	 -0.0167761
35.34 	 -0.0171679
35.36 	 -0.0180024
35.38 	 -0.0186651
35.4 	 -0.0236534
35.42 	 -0.0296779
35.44 	 -0.0342495
35.46 	 -0.0408899
35.48 	 -0.0468371
35.5 	 -0.0481377
35.52 	 -0.0441083
35.54 	 -0.0366321
35.56 	 -0.0241529
35.58 	 -0.0086643
35.6 	 0.00923147
35.62 	 0.0314384
35.64 	 0.0573541
35.66 	 0.0807509
35.68 	 0.105544
35.7 	 0.126084
35.72 	 0.146365
35.74 	 0.158371
35.76 	 0.169743
35.78 	 0.176618
35.8 	 0.1833
35.82 	 0.184543
35.84 	 0.17857
35.86 	 0.177606
35.88 	 0.175029
35.9 	 0.178972
35.92 	 0.17906
35.94 	 0.172286
35.96 	 0.173347
35.98 	 0.173992
36 	 0.177578
36.02 	 0.18082
36.04 	 0.181929
36.06 	 0.186456
36.08 	 0.183625
36.1 	 0.183251
36.12 	 0.176798
36.14 	 0.171914
36.16 	 0.163527
36.18 	 0.148087
36.2 	 0.132513
36.22 	 0.115549
36.24 	 0.0921253
36.26 	 0.0711414
36.28 	 0.0453245
36.3 	 0.0281554
36.32 	 0.00310872
36.34 	 -0.0246729
36.36 	 -0.0489535
36.38 	 -0.0721282
36.4 	 -0.0933964
36.42 	 -0.116492
36.44 	 -0.141647
36.46 	 -0.158701
36.48 	 -0.177681
36.5 	 -0.190182
36.52 	 -0.20381
36.54 	 -0.212133
36.56 	 -0.216579
36.58 	 -0.216746
36.6 	 -0.216181
36.62 	 -0.21426
36.64 	 -0.216116
36.66 	 -0.220443
36.68 	 -0.221859
36.7 	 -0.223768
36.72 	 -0.228801
36.74 	 -0.232077
36.76 	 -0.232775
36.78 	 -0.23173
36.8 	 -0.22559
36.82 	 -0.2213
36.84 	 -0.209169
36.86 	 -0.192106
36.88 	 -0.170034
36.9 	 -0.147278
36.92 	 -0.123579
36.94 	 -0.101274
36.96 	 -0.0756842
36.98 	 -0.052173
37 	 -0.0270375
37.02 	 -0.00506122
37.04 	 0.0170266
37.06 	 0.0358199
37.08 	 0.0578666
37.1 	 0.0743669
37.12 	 0.0922463
37.14 	 0.105772
37.16 	 0.118303
37.18 	 0.129434
37.2 	 0.139105
37.22 	 0.146514
37.24 	 0.149646
37.26 	 0.152545
37.28 	 0.153083
37.3 	 0.155939
37.32 	 0.155361
37.34 	 0.154632
37.36 	 0.153534
37.38 	 0.152053
37.4 	 0.152029
37.42 	 0.149811
37.44 	 0.147288
37.46 	 0.147349
37.48 	 0.140609
37.5 	 0.136929
37.52 	 0.123773
37.54 	 0.113729
37.56 	 0.0967555
37.58 	 0.0823063
37.6 	 0.0644071
37.62 	 0.0425924
37.64 	 0.0248373
37.66 	 0.00565898
37.68 	 -0.0115459
37.7 	 -0.0296658
37.72 	 -0.0524183
37.74 	 -0.0655622
37.76 	 -0.0754012
37.78 	 -0.0794984
37.8 	 -0.0858339
37.82 	 -0.0917344
37.84 	 -0.0950046
37.86 	 -0.0943457
37.88 	 -0.0939416
37.9 	 -0.0931005
37.92 	 -0.0922346
37.94 	 -0.0922593
37.96 	 -0.0912209
37.98 	 -0.0916511
38 	 -0.0940205
38.02 	 -0.0960855
38.04 	 -0.0995237
38.06 	 -0.0996968
38.08 	 -0.0946813
38.1 	 -0.0902153
38.12 	 -0.0815217
38.14 	 -0.0736874
38.16 	 -0.0629679
38.18 	 -0.0479818
38.2 	 -0.0316929
38.22 	 -0.0150771
38.24 	 0.00277452
38.26 	 0.0186819
38.28 	 0.0342131
38.3 	 0.0470471
38.32 	 0.0563588
38.34 	 0.0590329
38.36 	 0.0598306
38.38 	 0.06
38.4 	 0.0572274
38.42 	 0.052663
38.44 	 0.0459432
38.46 	 0.0406907
38.48 	 0.0402123
38.5 	 0.0356224
38.52 	 0.0273587
38.54 	 0.018359
38.56 	 0.0124149
38.58 	 0.0071509
38.6 	 0.00396543
38.62 	 -0.0034288
38.64 	 -0.00968894
38.66 	 -0.0113536
38.68 	 -0.013134
38.7 	 -0.0100335
38.72 	 -0.00486599
38.74 	 0.00345848
38.76 	 0.0147672
38.78 	 0.0242354
38.8 	 0.0327302
38.82 	 0.0359318
38.84 	 0.038979
38.86 	 0.0368257
38.88 	 0.0302464
38.9 	 0.0222964
38.92 	 0.00876835
38.94 	 -0.00649649
38.96 	 -0.0217743
38.98 	 -0.03584
39 	 -0.0433713
39.02 	 -0.0542614
39.04 	 -0.064426
39.06 	 -0.0674166
39.08 	 -0.0684049
39.1 	 -0.0619102
39.12 	 -0.0574218
39.14 	 -0.0548775
39.16 	 -0.0478619
39.18 	 -0.0451213
39.2 	 -0.0369949
39.22 	 -0.0295064
39.24 	 -0.0227071
39.26 	 -0.0120431
39.28 	 -0.00565265
39.3 	 0.00154614
39.32 	 0.0108182
39.34 	 0.0136511
39.36 	 0.0209759
39.38 	 0.0285214
39.4 	 0.0361547
39.42 	 0.0413218
39.44 	 0.0449501
39.46 	 0.0441261
39.48 	 0.0465722
39.5 	 0.0507605
39.52 	 0.0491648
39.54 	 0.0494196
39.56 	 0.0461169
39.58 	 0.0406816
39.6 	 0.0427189
39.62 	 0.0377397
39.64 	 0.0394897
39.66 	 0.040628
39.68 	 0.0383499
39.7 	 0.0435752
39.72 	 0.0463027
39.74 	 0.0526375
39.76 	 0.0632192
39.78 	 0.0708548
39.8 	 0.0796259
39.82 	 0.0857176
39.84 	 0.0916377
39.86 	 0.0951851
39.88 	 0.0983999
39.9 	 0.101568
39.92 	 0.101305
39.94 	 0.10115
39.96 	 0.0987965
39.98 	 0.0932081
40 	 0.0881338
40.02 	 0.0828747
40.04 	 0.0755387
40.06 	 0.0700629
40.08 	 0.062914
40.1 	 0.060184
40.12 	 0.0542995
40.14 	 0.0501202
40.16 	 0.0460781
40.18 	 0.0442202
40.2 	 0.0419681
40.22 	 0.0393825
40.24 	 0.0363434
40.26 	 0.0328584
40.28 	 0.0287238
40.3 	 0.0259238
40.32 	 0.0165385
40.34 	 0.00951032
40.36 	 0.000131664
40.38 	 -0.0126768
40.4 	 -0.0239546
40.42 	 -0.0355752
40.44 	 -0.0511516
40.46 	 -0.0645348
40.48 	 -0.0813979
40.5 	 -0.092915
40.52 	 -0.103531
40.54 	 -0.112853
40.56 	 -0.115535
40.58 	 -0.119087
40.6 	 -0.116221
40.62 	 -0.108937
40.64 	 -0.101341
40.66 	 -0.0892658
40.68 	 -0.0815976
40.7 	 -0.0714005
40.72 	 -0.0573478
40.74 	 -0.0488253
40.76 	 -0.0407876
40.78 	 -0.0363371
40.8 	 -0.0323003
40.82 	 -0.0267332
40.84 	 -0.0224385
40.86 	 -0.0206208
40.88 	 -0.019312
40.9 	 -0.0150017
40.92 	 -0.012577
40.94 	 -0.0134998
40.96 	 -0.014427
40.98 	 -0.0215129
41 	 -0.0244575
41.02 	 -0.0284116
41.04 	 -0.0386088
41.06 	 -0.0454928
41.08 	 -0.0549446
41.1 	 -0.0576988
41.12 	 -0.0601267
41.14 	 -0.0653083
41.16 	 -0.0637881
41.18 	 -0.0610381
41.2 	 -0.0539139
41.22 	 -0.0488845
41.24 	 -0.047774
41.26 	 -0.0441141
41.28 	 -0.0442373
41.3 	 -0.0443327
41.32 	 -0.0498489
41.34 	 -0.0593528
41.36 	 -0.0653192
41.38 	 -0.0735467
41.4 	 -0.0774681
41.42 	 -0.0835281
41.44 	 -0.0889637
41.46 	 -0.088462
41.48 	 -0.0856489
41.5 	 -0.0787812
41.52 	 -0.0720646
41.54 	 -0.0664552
41.56 	 -0.0529369
41.58 	 -0.0430657
41.6 	 -0.0310344
41.62 	 -0.0246732
41.64 	 -0.0194476
41.66 	 -0.0128889
41.68 	 -0.00833265
41.7 	 -0.00438574
41.72 	 -0.00162153
41.74 	 -0.0016047
41.76 	 0.00510344
41.78 	 0.00754392
41.8 	 0.0156199
41.82 	 0.0223975
41.84 	 0.0277548
41.86 	 0.037908
41.88 	 0.048012
41.9 	 0.0580831
41.92 	 0.0692398
41.94 	 0.0806164
41.96 	 0.0938807
41.98 	 0.10497
42 	 0.113377
42.02 	 0.122362
42.04 	 0.132169
42.06 	 0.144077
42.08 	 0.149113
42.1 	 0.151918
42.12 	 0.15182
42.14 	 0.152671
42.16 	 0.147024
42.18 	 0.140608
42.2 	 0.130051
42.22 	 0.117059
42.24 	 0.103926
42.26 	 0.0855394
42.28 	 0.0633482
42.3 	 0.0454017
42.32 	 0.0227233
42.34 	 0.00354048
42.36 	 -0.0179822
42.38 	 -0.0369413
42.4 	 -0.05301
42.42 	 -0.0667368
42.44 	 -0.0791172
42.46 	 -0.091059
42.48 	 -0.0996866
42.5 	 -0.104501
42.52 	 -0.111781
42.54 	 -0.116814
42.56 	 -0.12232
42.58 	 -0.126527
42.6 	 -0.127673
42.62 	 -0.129394
42.64 	 -0.130963
42.66 	 -0.132103
42.68 	 -0.128948
42.7 	 -0.124851
42.72 	 -0.119855
42.74 	 -0.110985
42.76 	 -0.103642
42.78 	 -0.0901468
42.8 	 -0.0739947
42.82 	 -0.0595675
42.84 	 -0.0422084
42.86 	 -0.0271409
42.88 	 -0.00515354
42.9 	 0.0135868
42.92 	 0.0364233
42.94 	 0.0559501
42.96 	 0.0748473
42.98 	 0.0944118
43 	 0.112962
43.02 	 0.12764
43.04 	 0.142269
43.06 	 0.152015
43.08 	 0.16624
43.1 	 0.176341
43.12 	 0.18737
43.14 	 0.193792
43.16 	 0.200563
43.18 	 0.208947
43.2 	 0.215011
43.22 	 0.218383
43.24 	 0.222685
43.26 	 0.222128
43.28 	 0.22215
43.3 	 0.219934
43.32 	 0.210514
43.34 	 0.202767
43.36 	 0.188837
43.38 	 0.175592
43.4 	 0.158709
43.42 	 0.143634
43.44 	 0.127612
43.46 	 0.114737
43.48 	 0.0973286
43.5 	 0.0869616
43.52 	 0.0683132
43.54 	 0.0547432
43.56 	 0.0341948
43.58 	 0.0165802
43.6 	 -0.00243101
43.62 	 -0.0192098
43.64 	 -0.0424285
43.66 	 -0.0638961
43.68 	 -0.0821405
43.7 	 -0.102469
43.72 	 -0.118298
43.74 	 -0.133546
43.76 	 -0.14775
43.78 	 -0.160245
43.8 	 -0.171184
43.82 	 -0.178027
43.84 	 -0.18126
43.86 	 -0.181431
43.88 	 -0.187905
43.9 	 -0.189587
43.92 	 -0.188959
43.94 	 -0.187159
43.96 	 -0.183016
43.98 	 -0.188119
44 	 -0.184961
44.02 	 -0.178841
44.04 	 -0.178148
44.06 	 -0.176469
44.08 	 -0.174898
44.1 	 -0.169711
44.12 	 -0.160335
44.14 	 -0.155286
44.16 	 -0.149534
44.18 	 -0.138611
44.2 	 -0.123432
44.22 	 -0.113752
44.24 	 -0.10224
44.26 	 -0.0931915
44.28 	 -0.0815633
44.3 	 -0.0718994
44.32 	 -0.0655977
44.34 	 -0.0600402
44.36 	 -0.0556636
44.38 	 -0.0600856
44.4 	 -0.059262
44.42 	 -0.0630828
44.44 	 -0.0654134
44.46 	 -0.0676211
44.48 	 -0.0732699
44.5 	 -0.0743811
44.52 	 -0.0723036
44.54 	 -0.0710698
44.56 	 -0.0660157
44.58 	 -0.0614879
44.6 	 -0.0508483
44.62 	 -0.0391917
44.64 	 -0.0258082
44.66 	 -0.00889255
44.68 	 0.00732209
44.7 	 0.0231306
44.72 	 0.0404972
44.74 	 0.0546514
44.76 	 0.0676477
44.78 	 0.0827497
44.8 	 0.0936264
44.82 	 0.0978659
44.84 	 0.103267
44.86 	 0.102411
44.88 	 0.100915
44.9 	 0.0987429
44.92 	 0.0906502
44.94 	 0.0845007
44.96 	 0.080293
44.98 	 0.0733029
45 	 0.0690708
45.02 	 0.0616718
45.04 	 0.0582448
45.06 	 0.058415
45.08 	 0.0554023
45.1 	 0.0537478
45.12 	 0.0493601
45.14 	 0.0454979
45.16 	 0.0473496
45.18 	 0.0463464
45.2 	 0.0448504
45.22 	 0.0427295
45.24 	 0.0395746
45.26 	 0.0396953
45.28 	 0.0381529
45.3 	 0.037274
45.32 	 0.0393559
45.34 	 0.0396542
45.36 	 0.0408063
45.38 	 0.0405479
45.4 	 0.0398685
45.42 	 0.0398952
45.44 	 0.038554
45.46 	 0.0348081
45.48 	 0.0321687
45.5 	 0.0312049
45.52 	 0.0294323
45.54 	 0.0268358
45.56 	 0.0260971
45.58 	 0.0236878
45.6 	 0.0247274
45.62 	 0.0238117
45.64 	 0.0235562
45.66 	 0.0246033
45.68 	 0.0279578
45.7 	 0.0282341
45.72 	 0.0286647
45.74 	 0.0301143
45.76 	 0.0334384
45.78 	 0.0347301
45.8 	 0.0356164
45.82 	 0.0381648
45.84 	 0.0405414
45.86 	 0.0424841
45.88 	 0.0427295
45.9 	 0.0396797
45.92 	 0.0395346
45.94 	 0.0384854
45.96 	 0.0394818
45.98 	 0.040345
46 	 0.0407558
46.02 	 0.0394424
46.04 	 0.03875
46.06 	 0.0429527
46.08 	 0.0435153
46.1 	 0.0453981
46.12 	 0.0451756
46.14 	 0.0450475
46.16 	 0.0454381
46.18 	 0.0420051
46.2 	 0.0384844
46.22 	 0.0318907
46.24 	 0.0207744
46.26 	 0.0127742
46.28 	 0.00323356
46.3 	 -0.002469
46.32 	 -0.0113106
46.34 	 -0.0217363
46.36 	 -0.0292766
46.38 	 -0.0337464
46.4 	 -0.0357712
46.42 	 -0.034966
46.44 	 -0.0340207
46.46 	 -0.0288555
46.48 	 -0.0251742
46.5 	 -0.0231065
46.52 	 -0.0189177
46.54 	 -0.0126624
46.56 	 -0.00602811
46.58 	 -0.000170886
46.6 	 0.0028675
46.62 	 0.00414969
46.64 	 0.00776927
46.66 	 0.0123451
46.68 	 0.016729
46.7 	 0.0225878
46.72 	 0.0263927
46.74 	 0.0316458
46.76 	 0.03611
46.78 	 0.0367362
46.8 	 0.0401003
46.82 	 0.0399631
46.84 	 0.0417953
46.86 	 0.0444543
46.88 	 0.0435478
46.9 	 0.042992
46.92 	 0.0372824
46.94 	 0.0312649
46.96 	 0.0285213
46.98 	 0.0275408
47 	 0.0255791
47.02 	 0.0197776
47.04 	 0.0147598
47.06 	 0.0137412
47.08 	 0.0121714
47.1 	 0.0141366
47.12 	 0.0173283
47.14 	 0.0185875
47.16 	 0.0238737
47.18 	 0.0267148
47.2 	 0.0277703
47.22 	 0.0295766
47.24 	 0.0292411
47.26 	 0.0275792
47.28 	 0.0253909
47.3 	 0.0222021
47.32 	 0.0158109
47.34 	 0.00524372
47.36 	 -0.00307248
47.38 	 -0.0135373
47.4 	 -0.0218914
47.42 	 -0.0273401
47.44 	 -0.0389404
47.46 	 -0.0458037
47.48 	 -0.0521793
47.5 	 -0.05956
47.52 	 -0.0637411
47.54 	 -0.071477
47.56 	 -0.0771264
47.58 	 -0.0797895
47.6 	 -0.0864839
47.62 	 -0.0911997
47.64 	 -0.100233
47.66 	 -0.105826
47.68 	 -0.110819
47.7 	 -0.115296
47.72 	 -0.11941
47.74 	 -0.12129
47.76 	 -0.123653
47.78 	 -0.125194
47.8 	 -0.12577
47.82 	 -0.12674
47.84 	 -0.126688
47.86 	 -0.127842
47.88 	 -0.130117
47.9 	 -0.129921
47.92 	 -0.13096
47.94 	 -0.131578
47.96 	 -0.131622
47.98 	 -0.136006
48 	 -0.131899
48.02 	 -0.129147
48.04 	 -0.125346
48.06 	 -0.118873
48.08 	 -0.115461
48.1 	 -0.111728
48.12 	 -0.102078
48.14 	 -0.0952597
48.16 	 -0.0880954
48.18 	 -0.082427
48.2 	 -0.0748237
48.22 	 -0.066288
48.24 	 -0.0555403
48.26 	 -0.0527168
48.28 	 -0.0489528
48.3 	 -0.0374084
48.32 	 -0.0288829
48.34 	 -0.021402
48.36 	 -0.014249
48.38 	 -0.0103934
48.4 	 0.00207765
48.42 	 0.0100692
48.44 	 0.0172781
48.46 	 0.0280474
48.48 	 0.0367649
48.5 	 0.0455014
48.52 	 0.052741
48.54 	 0.0553279
48.56 	 0.0627815
48.58 	 0.0698326
48.6 	 0.0730806
48.62 	 0.0747815
48.64 	 0.0758431
48.66 	 0.0736838
48.68 	 0.0760516
48.7 	 0.0749102
48.72 	 0.0729578
48.74 	 0.0729727
48.76 	 0.0729529
48.78 	 0.0741828
48.8 	 0.0775879
48.82 	 0.0796027
48.84 	 0.0810148
48.86 	 0.086151
48.88 	 0.0929575
48.9 	 0.0997983
48.92 	 0.105758
48.94 	 0.110391
48.96 	 0.118617
48.98 	 0.122215
49 	 0.124781
49.02 	 0.128345
49.04 	 0.125377
49.06 	 0.123998
49.08 	 0.123967
49.1 	 0.121135
49.12 	 0.119638
49.14 	 0.117008
49.16 	 0.110726
49.18 	 0.106814
49.2 	 0.104934
49.22 	 0.0995541
49.24 	 0.0942819
49.26 	 0.0902108
49.28 	 0.0841433
49.3 	 0.0805192
49.32 	 0.0726059
49.34 	 0.06409
49.36 	 0.0527467
49.38 	 0.0434424
49.4 	 0.0345533
49.42 	 0.0226623
49.44 	 0.00950891
49.46 	 0.00128389
49.48 	 -0.0126683
49.5 	 -0.0230897
49.52 	 -0.033967
49.54 	 -0.0467063
49.56 	 -0.053448
49.58 	 -0.056525
49.6 	 -0.0611196
49.62 	 -0.0604636
49.64 	 -0.0603662
49.66 	 -0.0598457
49.68 	 -0.0582243
49.7 	 -0.0542192
49.72 	 -0.0471803
49.74 	 -0.0430444
49.76 	 -0.0369866
49.78 	 -0.0349182
49.8 	 -0.0336252
49.82 	 -0.0277841
49.84 	 -0.0269217
49.86 	 -0.0251899
49.88 	 -0.022482
49.9 	 -0.0239304
49.92 	 -0.0188736
49.94 	 -0.0173489
49.96 	 -0.0147853
49.98 	 -0.00955939
50 	 -0.0061655
50.02 	 -0.000328141
50.04 	 0.00285138
50.06 	 0.00673986
50.08 	 0.0121488
50.1 	 0.0152134
50.12 	 0.0200457
50.14 	 0.0187913
50.16 	 0.0167603
50.18 	 0.0138551
50.2 	 0.00563125
50.22 	 0.00096309
50.24 	 -0.00930468
50.26 	 -0.0173702
50.28 	 -0.0210293
50.3 	 -0.0294021
50.32 	 -0.0354579
50.34 	 -0.0434093
50.36 	 -0.0501186
50.38 	 -0.0485933
50.4 	 -0.0496092
50.42 	 -0.0499509
50.44 	 -0.0520255
50.46 	 -0.0554902
50.48 	 -0.0548832
50.5 	 -0.0571137
50.52 	 -0.0597189
50.54 	 -0.0646688
50.56 	 -0.0657226
50.58 	 -0.0662968
50.6 	 -0.0641416
50.62 	 -0.0635568
50.64 	 -0.0572117
50.66 	 -0.0489529
50.68 	 -0.0346526
50.7 	 -0.0233263
50.72 	 -0.0125003
50.74 	 0.00254165
50.76 	 0.0199762
50.78 	 0.0376944
50.8 	 0.0543992
50.82 	 0.0648892
50.84 	 0.0754003
50.86 	 0.0838861
50.88 	 0.094995
50.9 	 0.104678
50.92 	 0.110894
50.94 	 0.116973
50.96 	 0.122558
50.98 	 0.129332
51 	 0.132227
51.02 	 0.133247
51.04 	 0.132279
51.06 	 0.13378
51.08 	 0.133686
51.1 	 0.129699
51.12 	 0.122208
51.14 	 0.116267
51.16 	 0.106024
51.18 	 0.0959243
51.2 	 0.0817916
51.22 	 0.0683773
51.24 	 0.0521598
51.26 	 0.0360558
51.28 	 0.0172452
51.3 	 0.00132497
51.32 	 -0.0154134
51.34 	 -0.0279962
51.36 	 -0.0468476
51.38 	 -0.0610875
51.4 	 -0.0750621
51.42 	 -0.08568
51.44 	 -0.0955986
51.46 	 -0.105026
51.48 	 -0.117136
51.5 	 -0.122112
51.52 	 -0.130094
51.54 	 -0.137619
51.56 	 -0.141103
51.58 	 -0.14438
51.6 	 -0.145802
51.62 	 -0.143417
51.64 	 -0.145029
51.66 	 -0.140262
51.68 	 -0.132496
51.7 	 -0.126075
51.72 	 -0.11606
51.74 	 -0.109733
51.76 	 -0.0991309
51.78 	 -0.0871154
51.8 	 -0.0712375
51.82 	 -0.0582322
51.84 	 -0.0456563
51.86 	 -0.0355372
51.88 	 -0.02195
51.9 	 -0.00571763
51.92 	 0.00664626
51.94 	 0.0183984
51.96 	 0.0304133
51.98 	 0.0384277
52 	 0.0523935
52.02 	 0.0585236
52.04 	 0.0689935
52.06 	 0.0775689
52.08 	 0.081002
52.1 	 0.0859731
52.12 	 0.0882825
52.14 	 0.0934156
52.16 	 0.093822
52.18 	 0.0916461
52.2 	 0.0877374
52.22 	 0.0821564
52.24 	 0.0789258
52.26 	 0.0724613
52.28 	 0.0669784
52.3 	 0.0617383
52.32 	 0.053528
52.34 	 0.0467594
52.36 	 0.0358838
52.38 	 0.0279648
52.4 	 0.0199343
52.42 	 0.00937853
52.44 	 -0.000821532
52.46 	 -0.0112479
52.48 	 -0.0233634
52.5 	 -0.0342248
52.52 	 -0.0474646
52.54 	 -0.0588456
52.56 	 -0.0661947
52.58 	 -0.0721141
52.6 	 -0.0818657
52.62 	 -0.0899554
52.64 	 -0.095459
52.66 	 -0.097688
52.68 	 -0.0955997
52.7 	 -0.0959078
52.72 	 -0.0969334
52.74 	 -0.0920652
52.76 	 -0.0883648
52.78 	 -0.0836514
52.8 	 -0.0749169
52.82 	 -0.0674303
52.84 	 -0.0612251
52.86 	 -0.0544323
52.88 	 -0.0478545
52.9 	 -0.0380807
52.92 	 -0.0272737
52.94 	 -0.0234016
52.96 	 -0.0245167
52.98 	 -0.0235906
53 	 -0.0207933
53.02 	 -0.0201472
53.04 	 -0.0220473
53.06 	 -0.026277
53.08 	 -0.0320638
53.1 	 -0.0335081
53.12 	 -0.0365548
53.14 	 -0.040072
53.16 	 -0.0417274
53.18 	 -0.0425344
53.2 	 -0.0412849
53.22 	 -0.0374196
53.24 	 -0.0363052
53.26 	 -0.0339361
53.28 	 -0.0327654
53.3 	 -0.0277103
53.32 	 -0.0232389
53.34 	 -0.0205485
53.36 	 -0.0190045
53.38 	 -0.0189704
53.4 	 -0.0132407
53.42 	 -0.0103187
53.44 	 -0.00813283
53.46 	 -0.00680734
53.48 	 -0.00597768
53.5 	 -0.00112075
53.52 	 0.00234048
53.54 	 0.00407873
53.56 	 0.00923928
53.58 	 0.0112806
53.6 	 0.0171431
53.62 	 0.022347
53.64 	 0.024412
53.66 	 0.0281201
53.68 	 0.0314951
53.7 	 0.0338331
53.72 	 0.0393664
53.74 	 0.0407753
53.76 	 0.0424964
53.78 	 0.0443005
53.8 	 0.0471327
53.82 	 0.0503004
53.84 	 0.0551512
53.86 	 0.0571646
53.88 	 0.0576117
53.9 	 0.0582809
53.92 	 0.0608295
53.94 	 0.0631108
53.96 	 0.0627293
53.98 	 0.059742
54 	 0.0586889
54.02 	 0.0558738
54.04 	 0.0538337
54.06 	 0.0534906
54.08 	 0.0542889
54.1 	 0.0573279
54.12 	 0.0614854
54.14 	 0.0632118
54.16 	 0.0682922
54.18 	 0.0748953
54.2 	 0.0811087
54.22 	 0.0882095
54.24 	 0.0921092
54.26 	 0.0960163
54.28 	 0.0980907
54.3 	 0.098496
54.32 	 0.0971593
54.34 	 0.0934593
54.36 	 0.0893828
54.38 	 0.0853453
54.4 	 0.0773205
54.42 	 0.0693659
54.44 	 0.061718
54.46 	 0.0566564
54.48 	 0.0529582
54.5 	 0.0493196
54.52 	 0.0439505
54.54 	 0.0414211
54.56 	 0.0341316
54.58 	 0.0286585
54.6 	 0.02811
54.62 	 0.0250555
54.64 	 0.0190712
54.66 	 0.0128267
54.68 	 0.00308896
54.7 	 -0.00388068
54.72 	 -0.00700734
54.74 	 -0.0110091
54.76 	 -0.0139969
54.78 	 -0.0133634
54.8 	 -0.0140403
54.82 	 -0.0136207
54.84 	 -0.01067
54.86 	 -0.00858388
54.88 	 -0.00722323
54.9 	 -0.00428534
54.92 	 -0.00412315
54.94 	 -0.00499927
54.96 	 -0.0077303
54.98 	 -0.0136339
55 	 -0.019342
55.02 	 -0.0255127
55.04 	 -0.0341025
55.06 	 -0.0428798
55.08 	 -0.0528899
55.1 	 -0.059907
55.12 	 -0.0677437
55.14 	 -0.0739616
55.16 	 -0.0783013
55.18 	 -0.083106
55.2 	 -0.0857813
55.22 	 -0.0887654
55.24 	 -0.0925469
55.26 	 -0.0944762
55.28 	 -0.095843
55.3 	 -0.0971123
55.32 	 -0.0972973
55.34 	 -0.101012
55.36 	 -0.102488
55.38 	 -0.10404
55.4 	 -0.101597
55.42 	 -0.0997859
55.44 	 -0.0952389
55.46 	 -0.0911989
55.48 	 -0.0858128
55.5 	 -0.0789433
55.52 	 -0.0691734
55.54 	 -0.0583004
55.56 	 -0.0487141
55.58 	 -0.0390583
55.6 	 -0.0267041
55.62 	 -0.0190453
55.64 	 -0.00624243
55.66 	 0.000847638
55.68 	 0.0115459
55.7 	 0.0182859
55.72 	 0.0260231
55.74 	 0.0328851
55.76 	 0.0430426
55.78 	 0.0485399
55.8 	 0.053699
55.82 	 0.0614952
55.84 	 0.0683348
55.86 	 0.0767524
55.88 	 0.0861188
55.9 	 0.087737
55.92 	 0.0930455
55.94 	 0.0935206
55.96 	 0.0972922
55.98 	 0.100945
56 	 0.0991372
56.02 	 0.0996901
56.04 	 0.0978195
56.06 	 0.098812
56.08 	 0.0994282
56.1 	 0.0982367
56.12 	 0.0996539
56.14 	 0.0977511
56.16 	 0.0937816
56.18 	 0.091643
56.2 	 0.0867831
56.22 	 0.0851202
56.24 	 0.0839108
56.26 	 0.0774028
56.28 	 0.0726921
56.3 	 0.0703672
56.32 	 0.0660175
56.34 	 0.0659723
56.36 	 0.0648899
56.38 	 0.0628994
56.4 	 0.0638058
56.42 	 0.0630655
56.44 	 0.0621303
56.46 	 0.0613988
56.48 	 0.0589541
56.5 	 0.0569023
56.52 	 0.0555539
56.54 	 0.055145
56.56 	 0.0516319
56.58 	 0.0469344
56.6 	 0.0419073
56.62 	 0.0366804
56.64 	 0.0294216
56.66 	 0.0243865
56.68 	 0.0139646
56.7 	 0.00603948
56.72 	 -0.00104418
56.74 	 -0.0109031
56.76 	 -0.0221928
56.78 	 -0.0304976
56.8 	 -0.0413169
56.82 	 -0.0453356
56.84 	 -0.0548552
56.86 	 -0.0619789
56.88 	 -0.070142
56.9 	 -0.0774496
56.92 	 -0.0834273
56.94 	 -0.0878696
56.96 	 -0.0947167
56.98 	 -0.102281
57 	 -0.11078
57.02 	 -0.114348
57.04 	 -0.121894
57.06 	 -0.127593
57.08 	 -0.134911
57.1 	 -0.142653
57.12 	 -0.145405
57.14 	 -0.148968
57.16 	 -0.153838
57.18 	 -0.156305
57.2 	 -0.154206
57.22 	 -0.152269
57.24 	 -0.149896
57.26 	 -0.147306
57.28 	 -0.147153
57.3 	 -0.140707
57.32 	 -0.133049
57.34 	 -0.127905
57.36 	 -0.119304
57.38 	 -0.112564
57.4 	 -0.102576
57.42 	 -0.0901262
57.44 	 -0.0796546
57.46 	 -0.0675757
57.48 	 -0.0560154
57.5 	 -0.0439466
57.52 	 -0.0289825
57.54 	 -0.0180279
57.56 	 -0.00692288
57.58 	 -0.00230493
57.6 	 0.00532944
57.62 	 0.0125758
57.64 	 0.0177937
57.66 	 0.0196505
57.68 	 0.0214953
57.7 	 0.0235267
57.72 	 0.0252146
57.74 	 0.0231748
57.76 	 0.0229331
57.78 	 0.0235867
57.8 	 0.0282415
57.82 	 0.027565
57.84 	 0.026333
57.86 	 0.0274467
57.88 	 0.028753
57.9 	 0.0305082
57.92 	 0.0308012
57.94 	 0.0291144
57.96 	 0.0283279
57.98 	 0.0240539
58 	 0.0203381
58.02 	 0.0167135
58.04 	 0.0137558
58.06 	 0.0114577
58.08 	 0.00827105
58.1 	 0.00527844
58.12 	 0.00241794
58.14 	 -0.00178158
58.16 	 -0.00331244
58.18 	 -0.00196826
58.2 	 0.000524526
58.22 	 0.000188942
58.24 	 -0.00389758
58.26 	 -0.00849578
58.28 	 -0.0129372
58.3 	 -0.0140558
58.32 	 -0.0133404
58.34 	 -0.014765
58.36 	 -0.0189177
58.38 	 -0.0248702
58.4 	 -0.0273188
58.42 	 -0.0270426
58.44 	 -0.0236699
58.46 	 -0.0242524
58.48 	 -0.0238641
58.5 	 -0.0194407
58.52 	 -0.0148801
58.54 	 -0.0116885
58.56 	 -0.00613235
58.58 	 -0.00242746
58.6 	 0.00543356
58.62 	 0.0132015
58.64 	 0.0167135
58.66 	 0.0214116
58.68 	 0.0277018
58.7 	 0.0335646
58.72 	 0.0409426
58.74 	 0.0444257
58.76 	 0.0473012
58.78 	 0.046897
58.8 	 0.048306
58.82 	 0.0507616
58.84 	 0.0503308
58.86 	 0.0522723
58.88 	 0.0516113
58.9 	 0.0513302
58.92 	 0.0533027
58.94 	 0.0507298
58.96 	 0.0506577
58.98 	 0.0511804
59 	 0.0527139
59.02 	 0.0544614
59.04 	 0.0533571
59.06 	 0.0536134
59.08 	 0.056335
59.1 	 0.0584312
59.12 	 0.0612768
59.14 	 0.06172
59.16 	 0.0641227
59.18 	 0.0676794
59.2 	 0.0701324
59.22 	 0.0728354
59.24 	 0.074246
59.26 	 0.0716216
59.28 	 0.070641
59.3 	 0.0700281
59.32 	 0.068962
59.34 	 0.0678654
59.36 	 0.0653185
59.38 	 0.0621953
59.4 	 0.063854
59.42 	 0.0623096
59.44 	 0.0613907
59.46 	 0.0629762
59.48 	 0.0628443
59.5 	 0.0646406
59.52 	 0.0660344
59.54 	 0.0635505
59.56 	 0.0640662
59.58 	 0.0628618
59.6 	 0.0602112
59.62 	 0.0555518
59.64 	 0.0492859
59.66 	 0.0470666
59.68 	 0.0424498
59.7 	 0.0375554
59.72 	 0.0286063
59.74 	 0.0186203
59.76 	 0.0156285
59.78 	 0.00867851
59.8 	 0.00241671
59.82 	 -0.00140684
59.84 	 -0.0111674
59.86 	 -0.0164535
59.88 	 -0.0247362
59.9 	 -0.0309592
59.92 	 -0.0360609
59.94 	 -0.0410681
59.96 	 -0.0477654
59.98 	 -0.055171
60 	 -0.0606335
60.02 	 -0.0642707
60.04 	 -0.0702981
60.06 	 -0.0692353
60.08 	 -0.0756459
60.1 	 -0.0778474
60.12 	 -0.0778918
60.14 	 -0.0789524
60.16 	 -0.07697
60.18 	 -0.0740649
60.2 	 -0.0745631
60.22 	 -0.0707749
60.24 	 -0.066372
60.26 	 -0.0632257
60.28 	 -0.0610245
60.3 	 -0.058438
60.32 	 -0.0564978
60.34 	 -0.0534765
60.36 	 -0.0494401
60.38 	 -0.0499089
60.4 	 -0.0482199
60.42 	 -0.0475781
60.44 	 -0.0459069
60.46 	 -0.0464018
60.48 	 -0.046508
60.5 	 -0.0456599
60.52 	 -0.0446177
60.54 	 -0.0427726
60.56 	 -0.0382214
60.58 	 -0.037311
60.6 	 -0.0336875
60.62 	 -0.0325195
60.64 	 -0.0290307
60.66 	 -0.0236033
60.68 	 -0.0195927
60.7 	 -0.0144675
60.72 	 -0.00534632
60.74 	 -0.000470085
60.76 	 0.00671815
60.78 	 0.0124487
60.8 	 0.0182518
60.82 	 0.0240777
60.84 	 0.0275344
60.86 	 0.0319207
60.88 	 0.0378614
60.9 	 0.0387239
60.92 	 0.0382086
60.94 	 0.036084
60.96 	 0.0344573
60.98 	 0.033458
61 	 0.0288579
61.02 	 0.0252526
61.04 	 0.0235393
61.06 	 0.0184042
61.08 	 0.0159738
61.1 	 0.013344
61.12 	 0.0105981
61.14 	 0.0110601
61.16 	 0.00418997
61.18 	 0.000745288
61.2 	 0.000807989
61.22 	 -0.0033631
61.24 	 -0.00458953
61.26 	 -0.0067189
61.28 	 -0.0133392
61.3 	 -0.0168224
61.32 	 -0.0203244
61.34 	 -0.0238441
61.36 	 -0.0246174
61.38 	 -0.0277514
61.4 	 -0.0316344
61.42 	 -0.0338478
61.44 	 -0.0348871
61.46 	 -0.0374205
61.48 	 -0.0392147
61.5 	 -0.0392294
61.52 	 -0.0407517
61.54 	 -0.0417887
61.56 	 -0.0409817
61.58 	 -0.0431528
61.6 	 -0.0419434
61.62 	 -0.0442129
61.64 	 -0.0455242
61.66 	 -0.0441719
61.68 	 -0.0441763
61.7 	 -0.044404
61.72 	 -0.0446925
61.74 	 -0.046581
61.76 	 -0.0441817
61.78 	 -0.0442861
61.8 	 -0.044409
61.82 	 -0.0420092
61.84 	 -0.0387126
61.86 	 -0.0377314
61.88 	 -0.0327961
61.9 	 -0.0292798
61.92 	 -0.0257789
61.94 	 -0.0178799
61.96 	 -0.016618
61.98 	 -0.0150355
62 	 -0.00768178
62.02 	 -0.00580823
62.04 	 -0.0018517
62.06 	 0.00284811
62.08 	 0.0018139
62.1 	 0.00480125
62.12 	 0.00999735
62.14 	 0.00766258
62.16 	 0.00980322
62.18 	 0.0116027
62.2 	 0.0118772
62.22 	 0.0151575
62.24 	 0.0143834
62.26 	 0.0141264
62.28 	 0.0159841
62.3 	 0.0189278
62.32 	 0.0212292
62.34 	 0.0222451
62.36 	 0.0254056
62.38 	 0.0286812
62.4 	 0.0342136
62.42 	 0.037692
62.44 	 0.0401205
62.46 	 0.0445003
62.48 	 0.0461978
62.5 	 0.0499402
62.52 	 0.0501833
62.54 	 0.0502226
62.56 	 0.0520092
62.58 	 0.0503432
62.6 	 0.0496307
62.62 	 0.0500594
62.64 	 0.0505199
62.66 	 0.0509823
62.68 	 0.0527714
62.7 	 0.0543091
62.72 	 0.0558894
62.74 	 0.0591372
62.76 	 0.0617315
62.78 	 0.063075
62.8 	 0.0665874
62.82 	 0.0693155
62.84 	 0.0709849
62.86 	 0.07467
62.88 	 0.0776106
62.9 	 0.079039
62.92 	 0.0825772
62.94 	 0.0849114
62.96 	 0.0858381
62.98 	 0.0874465
63 	 0.0871805
63.02 	 0.0861667
63.04 	 0.0858525
63.06 	 0.0831633
63.08 	 0.0805011
63.1 	 0.0773853
63.12 	 0.0754936
63.14 	 0.0737034
63.16 	 0.0710226
63.18 	 0.0688212
63.2 	 0.0681373
63.22 	 0.0649576
63.24 	 0.0650808
63.26 	 0.0629169
63.28 	 0.0595215
63.3 	 0.0585648
63.32 	 0.0533037
63.34 	 0.0503798
63.36 	 0.0481357
63.38 	 0.041772
63.4 	 0.036519
63.42 	 0.0292924
63.44 	 0.0198626
63.46 	 0.0129218
63.48 	 0.00448153
63.5 	 -0.00328751
63.52 	 -0.0113239
63.54 	 -0.017563
63.56 	 -0.0248841
63.58 	 -0.0283926
63.6 	 -0.0326021
63.62 	 -0.0365618
63.64 	 -0.0378529
63.66 	 -0.037245
63.68 	 -0.0386184
63.7 	 -0.0404743
63.72 	 -0.0443079
63.74 	 -0.0475962
63.76 	 -0.0502641
63.78 	 -0.0533068
63.8 	 -0.0572746
63.82 	 -0.0614109
63.84 	 -0.0678404
63.86 	 -0.0720478
63.88 	 -0.073139
63.9 	 -0.0749277
63.92 	 -0.0755757
63.94 	 -0.0778841
63.96 	 -0.0785498
63.98 	 -0.0765184
64 	 -0.0754111
64.02 	 -0.0732844
64.04 	 -0.0698794
64.06 	 -0.0653639
64.08 	 -0.0601184
64.1 	 -0.0560064
64.12 	 -0.0502501
64.14 	 -0.0450312
64.16 	 -0.0380038
64.18 	 -0.0320309
64.2 	 -0.0280303
64.22 	 -0.0224935
64.24 	 -0.0180349
64.26 	 -0.0132764
64.28 	 -0.00884843
64.3 	 -0.00688834
64.32 	 -0.00356251
64.34 	 -0.000139911
64.36 	 0.00292095
64.38 	 0.00557996
64.4 	 0.0061508
64.42 	 0.0086354
64.44 	 0.0085811
64.46 	 0.00673856
64.48 	 0.00518395
64.5 	 0.00239096
64.52 	 0.000970053
64.54 	 -0.000994112
64.56 	 -0.00434307
64.58 	 -0.0101875
64.6 	 -0.0148844
64.62 	 -0.0190046
64.64 	 -0.0225327
64.66 	 -0.0259552
64.68 	 -0.0323268
64.7 	 -0.0363111
64.72 	 -0.0378912
64.74 	 -0.0389005
64.76 	 -0.0393719
64.78 	 -0.0424802
64.8 	 -0.0424034
64.82 	 -0.0419388
64.84 	 -0.039736
64.86 	 -0.0359932
64.88 	 -0.0350391
64.9 	 -0.0317497
64.92 	 -0.0289663
64.94 	 -0.0258657
64.96 	 -0.0208708
64.98 	 -0.0183982
